292
331
703
1240
1345
1395
1519
1781
3425
3979
6103
7210
7500
9523
9984
11173
11483
11503
11736
12291
12753
12866
13119
13170
14175
15365
16484
17591
17888
18960
19017
19179
19335
19725
20238
21568
21593
21625
22113
23519
24152
24651
25087
25128
27455
27970
28217
28436
28493
29178
29927
32906
33531
36387
36710
37010
37436
37946
38147
38314
38737
39285
41051
41697
42113
42777
43002
43811
43882
44074
44924
45711
47630
47972
48950
49158
49206
49358
49600
49732
50119
51120
51573
51977
52815
52958
54940
55092
56613
57474
57809
58285
58376
58421
58508
59163
59475
60065
60542
60816
61575
61874
63464
63508
64517
64882
65637
65761
65834
66231
66798
67262
67587
69232
69627
70430
70693
72363
72611
72827
72929
73912
74395
74553
74728
75905
77337
77837
77950
78745
79577
80340
80868
81052
81231
81873
81916
81958
82014
82179
82678
82739
83017
84726
85153
85724
85982
86010
86247
86390
86883
86967
87028
87151
87201
87339
87834
87941
88579
91952
93788
93977
94196
94620
94690
94729
94750
94785
95409
96046
97081
97301
97697
98701
98848
99113
99323
99920
100286
100527
101882
102734
103322
104276
105737
106971
107721
109112
109756
110074
110234
110753
111102
111377
112691
113255
113676
113924
113931
113976
114312
115049
115711
115970
117476
118320
118435
119027
120115
120922
121906
122498
122604
123183
123630
124188
124508
124844
125131
125227
125700
125911
127733
127748
127984
128004
128736
129112
129713
130111
130807
131499
134607
135276
135306
135641
136793
138086
138450
139014
139398
141334
141351
142559
142780
143011
143232
143281
143358
143842
144400
145018
146054
147476
151044
151110
151317
151340
151777
152104
153386
155106
157130
158169
158477
158731
159387
160756
160875
161257
161620
162466
163800
165068
165691
166623
166765
167300
168122
168327
169557
169809
170394
170596
171074
173308
174253
174519
175394
175703
175864
176604
176904
178821
179135
179256
180738
180877
181062
181943
183532
185564
185602
186918
187720
188774
189037
189174
189301
189514
189911
190108
192457
192632
192758
193434
193805
194529
194651
195275
196194
196322
196515
196712
196952
197055
197179
197257
197277
197431
197489
197517
197741
197839
198024
198456
198818
199165
199217
199795
200022
200220
200576
200741
201308
201654
201928
202203
202248
202766
203227
203577
203659
203891
204027
204105
205569
207977
208080
208686
208847
208912
210606
210693
211319
211516
211809
211880
212204
212460
213088
214027
214285
214549
214797
214912
215946
216168
218214
218805
220179
221566
225189
226776
226971
226999
227037
227217
227267
228623
228991
230088
232279
232367
233475
233837
233886
234117
234147
234171
234298
234377
234632
235012
235619
235874
236788
236926
237067
237458
237861
238098
238507
239254
239569
240234
240517
241522
241716
241822
241925
242109
242730
244055
244202
244407
244985
246642
246718
247042
247995
248167
249366
249504
250499
250967
251011
251164
252854
254489
254573
254743
254798
255281
256016
256227
257574
258250
260074
260094
261314
264159
264596
265373
267799
268147
270766
271502
272434
272881
274245
274807
276704
277237
278114
279284
279580
282974
283591
283948
285070
285101
285262
285656
285706
286237
286250
286440
287093
287211
287513
288440
289821
290045
293193
293527
293566
293716
295333
295382
295642
299488
300079
300191
300213
300269
300394
300451
300474
302299
303177
304344
305881
306918
307373
307417
308575
308704
308882
309069
309367
310077
310827
311019
311244
311355
311553
311773
312059
312189
313072
313230
313308
313409
313627
314196
314256
314346
314523
314739
315161
315623
315903
316141
316269
316503
316724
316807
316946
317245
317419
317679
318024
318323
319120
319897
320049
321374
321653
323925
325164
327811
328640
328697
328975
329631
330680
330765
330806
332027
332278
332899
333052
333492
333551
333749
334215
334510
334879
335280
335316
337065
337797
340044
340098
341522
342873
343081
344984
345927
346999
347013
348198
348538
348689
348942
348964
349003
349243
349869
350024
350343
350760
352560
354002
354179
354228
354903
355081
355983
356197
357882
358580
359458
359703
359798
360236
360879
361995
362300
362570
363150
364545
364566
364774
365651
367080
369008
373192
373532
374534
375761
375995
376243
376811
379827
379850
380076
381331
381595
382711
382944
386571
386972
387149
388227
389712
390182
391510
391760
392673
395031
395792
396388
398697
400195
400514
400791
401374
401903
402172
402466
402710
403454
403774
403851
403875
403898
403917
403996
404042
405965
406874
407549
407646
407822
407972
408931
409370
409639
410973
412966
413659
415778
415983
416114
417452
421119
422360
423359
424678
425118
425485
425509
425714
426332
426448
426627
426676
427619
428359
428867
429550
429766
430006
431059
431136
431228
432261
432526
433040
433103
433674
434590
434925
435351
436484
436615
436704
436732
439904
440535
441718
442607
444345
445062
445147
447292
448433
448689
448799
448853
449361
450391
450624
450643
452072
452096
452142
452425
453026
453645
455553
455934
456410
456462
456599
457505
457684
459157
460000
460032
461993
462028
462334
463191
463205
463430
464216
464856
465413
465450
466249
466264
466371
467572
467996
468340
468476
468841
469599
469817
470859
470948
471400
472569
472968
473631
474588
476244
476801
477279
477671
478007
478551
479447
480614
481368
482682
482834
484007
484968
485708
486006
487299
490180
490376
490959
491224
491363
492462
492499
492808
493246
494213
495516
497935
497973
499238
499456
500024
500662
500783
501366
502151
502737
504002
504115
504501
505422
505789
506901
506919
507511
508706
508949
510624
511999
513197
513734
513823
514562
514968
514995
515325
515651
515928
517652
518894
519309
519403
519482
520224
520314
523269
523340
523827
524450
525643
526734
526797
526874
527150
527865
528111
528189
528332
529360
532568
532837
533800
534467
534728
538706
539074
539919
541048
541725
542818
543048
543559
543752
544290
544709
546424
547977
548795
549624
549953
555235
556272
559682
560354
560786
561429
562689
562968
563212
563330
563541
564726
565276
566340
566549
566611
567387
568269
568957
569335
569799
570696
570794
570974
571549
571725
571872
572740
573596
573637
574401
574466
575415
576274
576327
577237
578230
579722
580015
580772
581328
582231
583569
584121
587358
587704
587768
588823
589245
592122
592646
593632
593928
595865
597724
599024
602126
602344
602431
602655
603264
603294
603952
606461
606814
607341
607383
607477
608054
608101
608502
610919
611244
611360
611727
611997
612010
612163
612216
612928
612991
613294
613643
615119
616075
618132
619141
620834
622029
622177
622590
622744
622880
627136
627732
628499
629384
631899
632299
632835
633871
634024
634757
634890
635079
635211
635844
637293
638700
638880
639903
640134
640253
640698
640825
641245
641285
642437
642453
643924
644412
644631
645813
645910
647449
647474
647599
647770
650816
652446
654417
655696
656546
657976
658635
658756
659875
660130
661235
661407
663724
664958
665401
666349
667857
668551
668772
669293
669377
669747
669973
670015
670317
670615
671520
672136
672258
673059
673151
673646
674803
674942
676644
676891
677258
677433
677450
677854
677939
678150
681741
682252
682722
685115
685304
685624
686195
688349
688510
691784
692491
696327
696751
697417
697485
699146
699476
700084
700379
700739
702766
703814
703868
705328
705585
705836
706005
706142
706432
707164
707785
708074
708135
708567
709032
709504
709968
710361
712037
712163
713878
714628
715044
717562
717873
719360
719892
722589
722981
724352
724530
724963
724993
725262
725639
725852
727745
728313
729943
730626
731338
731532
731768
732098
733768
736589
737509
738710
739471
739864
741950
742349
742406
742528
742641
742836
743859
744229
745904
746164
748962
749760
750598
750632
753044
753734
754874
756241
756774
759401
762293
762347
762917
763548
766695
766712
767939
769398
772901
775146
776388
777151
777692
778461
780744
780970
781055
781280
782937
783874
783951
784293
784533
784589
784614
787024
787464
787960
788254
788509
789344
789642
790329
790845
800776
803646
806019
806725
806930
807115
807602
807876
808192
808342
809274
809696
811642
811684
812154
812247
815043
815595
816750
817677
818167
819775
819949
820195
820339
820701
821034
821378
821666
822037
822212
822706
824800
825444
825577
825717
826052
827229
828006
828754
829574
830045
830130
830170
830317
830370
830612
831468
832064
832080
832364
833195
833365
834438
834495
834557
835049
835554
835933
836527
837629
839017
839132
839330
839693
840243
842616
842707
844804
845397
849133
849248
849445
849653
849812
850157
850439
852071
852166
852205
852245
852323
852861
852878
854043
855615
857631
857943
858025
858488
858609
858784
859230
859687
859836
861131
862937
862956
864034
866817
868418
868542
869259
870061
870871
871725
871830
872659
872686
872832
873018
875304
875706
877267
877374
877451
878050
879233
880136
880666
881155
884296
885238
885777
886030
887563
887586
887627
888463
888691
888900
888930
889891
890040
890829
890858
891631
892146
892196
892728
893256
893898
894243
894529
894887
895103
895200
896266
898349
899133
899473
899981
900342
903280
904107
905196
905854
906347
906774
907129
908083
909037
909903
909969
910909
912744
913274
913473
914150
916156
916369
919179
919220
919248
919532
919576
919622
920517
920765
920855
921452
921812
921997
922259
923089
923216
924048
924474
924957
925130
925227
925474
925665
925905
927741
928758
929091
930476
930636
931722
931773
932055
932257
933212
934297
936286
936339
937009
940601
940963
941627
941652
943766
945317
945678
945887
946782
948468
948807
949076
950038
950202
950769
951375
951513
952110
953345
955966
956067
956122