42
878
1565
1817
2547
4531
4768
4923
5125
5413
5734
5882
5975
6457
6515
6594
6798
7629
7680
9091
9437
10235
10356
10445
11248
11280
11584
11776
12670
12849
13125
13834
13924
14130
14188
14495
14825
15077
15575
15756
16575
16845
17327
17348
17621
18215
18516
18879
18989
19060
19102
19428
19515
19850
20310
20864
22719
23148
23957
24053
24458
24603
25321
25403
25489
25748
25983
26754
26765
27311
27357
27670
27840
28092
28452
28869
29023
29543
29590
29654
30018
30444
30888
31041
31266
31364
31979
32591
32800
32909
34336
34807
34836
35608
36013
36400
37358
37631
38257
38864
39098
39572
40323
40721
40984
41381
42879
43132
43334
43506
43569
43580
43704
43735
43804
43855
43879
43903
43922
44195
44680
45054
45748
45763
45783
45880
46259
46389
46406
46815
47005
47286
47500
48132
48299
48432
48781
49206
49510
49567
49665
51519
51567
51671
52033
52247
52439
52606
52769
52940
54303
54927
55130
55677
55742
56100
56212
56692
56757
56801
57052
57531
57840
58030
58158
58348
58438
58934
59135
59708
59777
60006
60043
60073
60212
60447
60558
60725
61125
61597
61883
61953
62135
62621
62739
63011
63188
63312
64107
64458
64556
64913
65206
65411
65514
65692
66060
66276
66346
66511
66657
66680
66699
66856
67085
67174
67308
67482
67531
67794
68083
68139
68514
68631
68667
68835
69096
69112
69429
69684
69751
69899
69994
70094
70123
70136
70243
70574
71299
72022
72187
72525
72686
72765
73143
73767
73909
74067
74398
74500
74760
75085
75129
75520
76258
76311
76643
76951
76996
77492
77863
78419
78587
78620
79765
79815
80047
80248
80652
80843
81408
81674
82501
83135
83254
83323
83537
83584
83940
83959
84192
84365
84446
84487
85294
85672
85750
86049
86324
86354
86508
86574
86658
86722
87082
87307
88006
88560
88590
88750
88842
89699
89952
90755
90970
91279
91727
91905
92058
92086
92116
92533
92919
94113
95015
95043
95069
95096
95177
96080
96238
96248
96946
97387
97695
98109
98195
98263
98368
98488
99145
99333
99436
99456
99705
99799
100062
100195
100577
100597
100660
100697
100824
100918
102036
102099
102293
102445
102952
103000
103135
103492
103584
103937
105022
105337
105549
105592
105613
106112
106341
106433
106539
106917
107093
107428
107673
107761
107928
108225
108498
109061
109464
109721
110129
110159
110174
110588
111069
111139
111351
111402
111604
111966
112140
112289
112310
112364
112928
112994
113058
113160
113403
113685
114802
114819
115572
115958
116434
116456
116710
117289
118059
118376
119171
119621
119996
120314
120447
120656
121114
121167
121267
121283
121332
121543
121858
122218
122445
122673
122699
122912
123140
123373
123490
123697
123911
123973
124053
124420
124743
124899
125302
125582
125769
125899
125981
126250
126534
126643
126788
126984
127069
127134
127200
128145
128535
128923
129145
129163
129319
130177
130249
130746
130808
131227
131389
131781
132169
132583
132592
132775
133402
133656
134573
134799
135174
135501
135603
136067
136238
136419
136533
137781
138024
138729
139114
139799
140161
140576
140635
140697
140856
141104
142222
142960
143239
143428
143967
144036
144449
145116
145492
145624
146482
146670
146838
146979
147164
147207
147223
147303
147400
147774
148874
149608
150010
150217
150246
150656
150718
150785
150860
150980
151150
151367
151550
151619
152408
152868
153163
153559
153637
153716
153837
154117
154202
154305
154324
154345
154361
154509
154567
154598
154653
155363
155597
155850
156199
156841
156861
156978
157143
157431
157581
157628
158568
158766
158987
159424
159482
159846
160056
160105
160130
160297
160387
160519
160873
161314
161434
161460
161737
162284
162486
164782
164797
165512
165848
166543
167158
167474
167920
167934
168880
168975
169496
169731
169864
169991
170492
171232
171426
171795
171813
171871
172043
172092
172109
172241
172762
172787
172832
173025
174260
174297
174532
174577
175404
175509
176633
177177
177224
177685
177945
178067
178699
178983
179252
179426
179981
180157
180276
180492
181305
181684
181948
182016
182198
182372
182478
182765
182921
183737
184005
184131
184631
184677
185346
185528
185945
186094
186195
187063
187106
187931
188171
188494
188545
188568
188753
188811
189484
189938
189961
190469
190673
190749
190835
191003
191043
191501
191558
191771
191894
192237
193044
193205
193472
193874
193915
194137
194160
194317
194394
194453
194901
195765
195790
195848
196348
196374
197329
198633
200077
200442
200511
200718
201021
201033
201548
201911
202461
202480
202861
203340
204638
204678
204723
206034
206423
206439
206630
208237
208277
208788
208825
208843
209553
209850
210045
210218
210364
210550
210864
210890
211287
211397
211416
212128
212754
212855
212974
213214
213515
213711
213740
214085
214221
214876
215009
215417
216255
216295
216525
216841
217153
217247
217477
217615
217832
217843
217901
218129
218615
219255
219283
219358
219547
219888
220080
220220
220395
220764
220779
221114
221294
221376
221679
221754
221904
222340
222543
222922
222957
223461
223781
224704
224766
225703
225895
226648
226717
227140
228225
228310
228351
228577
228886
228916
229145
229221
229946
230265
230647
230728
231283
231740
232202
232236
232547
232666
233263
234281
234601
234616
236109
236238
236335
236393
236951
236967
237115
237358
237511
237571
237680
237714
237935
238535
238752
238855
238969
239130
239449
239487
239503
239688
239700
240729
240847
240964
241164
241272
241399
241595
241819
241850
241984
242138
242181
242324
244048
244098
244248
244276
244737
245132
245233
246056
246334
246451
246897
247381
248063
248372
248682
248837
248880
249548
249606
250009
250139
250253
250450
250534
250582
250662
250914
251061
251105
251444
251762
251900
252413
252435
252599
252734
252997
253131
253232
253427
253453
253940
254071
254499
254774
255902
255936
256019
256116
256148
256230
256338
256440
256489
256874
257120
257385
257490
257949
258441
258584
258624
258856
259158
259324
259423
260160
260707
261166
261721
262181
262314
262349
262655
263013
263168
263306
263472
264557
264728
264925
265683
265844
265874
266013
266133
266355
266616
266857
267149
267483
267620
268074
268107
268179
268546
269143
269421
269453
269630
269648
269691
269734
269898
269939
270052
270315
270647
270797
271165
271294
271748
272430
272453
272694
272990
273412
274321
274421
275600
275972
276885
276975
277004
277271
277461
277872
278529
278761
278837
279122
279955
280307
280401
280675
280708
280769
280863
280936
281021
281338
281402
281505
281597
281848
282153
282360
282566
282677
283289
284065
284168
284191
284300
284397
284695
284904
285197
285233
285379
285585
285647
285938
285976
286196
286277
286322
286556
286657
286769
286900
287012
287301
287456
287655
287722
287886
288029
288139
288188
288264
288838
288965
289458
289501
289542
289753
291333
291784
292056
292123
292164
292497
292568
292835
292984
293102
293137
293379
293461
293601
293965
294817
295053
295090
295124
295363
295438
295470
295605
296039
296055
296397
296622
296889
297001
297206
297262
297347
297679
298582
298597
298660
298860
299128
299702
299753
300525
300863
301487
301525
301753
301872
302471
302781
302876
303059
303363
303448
303781
303830
304489
304556
304629
305293
305493
306349
306669
307413
307559
307721
307934
308512
308649
308831
308871
309012
309089
309469
309776
309987
310099
310463
310621
310694
311034
311088
311116
311278
311949
312035
312069
312290
312382
312606
313167
313260
313726
314044
314248
314425
314636
314947
314965
315182
315354
315450
315634
315924
317026
317595
317686
318141
319192
319807
319819
319835
319931
320066
320145
320488
320544
321618
321687
321878
321965
321986
322083
322330
322944
323013
323632
323656
323948
323976
324049
324213
324523
324684
324816
324860
325188
325286
325315
325628
326033
326085
326193
326255
326401
326517
326542
326791
326826
326976
327065
327107
327304
327562
327811
327980
328274
328776
328994
329805
329999
330368
330468
330528
331198
331420
333946
334240
334530
335021
335509
336006
336497
336748
336809
337131
337600
337963
337998
338171
338620
338639
339113
339292
339798
339826
339843
339946
340234
340585
340756
340973
340989
341198
341446
342846
342961
344050
344227
344306
344407
344711
344741
344878
345066
345318
345607
345639
345866
345891
345935
346020
346059
346157
346262
346481
346583
346691
347421
347667
347931
348171
348261
348587
348616
348746
348770
349179
349709
349769
349917
350409
350738
350983
351017
351399
351604
352249
352997
353485
354772
356131
357165
357806
358084
358975
359009
359874
359978
360310
360510
360557
360787
361336
361351
361420
362322
363186
363291
363515
363707
364154
364646
364772
364799
365176
365257
365426
365444
365802
366018
366087
366250
366313
366496
366563
366860
367383
367454
367603
368486
368604
368898
368919
369027
369946
369975
370006
370235
370325
370589
370676
371342
371499
372080
373049
373262
373416
373496
374157
374194
374428
375449
375463
375708
376041
376174
376199
376337
376501
376521
377160
377181
377278
377316
377362
377842
378205
378760
378908
379164
379199
379592
379850
380199
380250
380317
380393
380651
381494
381852
381910
382168
382257
382414
382525
382623
382680
382755
382827
383453
383532
383740
383782
383850
383898
384098
384114
384153
384202
384254
384329
384404
384478
384592
384655
384695
385484
385863
385874
386015
386123
386194
386238
386412
387107
387586
387818
387960
388027
389289
389455
389662
389792
390057
390092
390189
390200
390488
390596
390667
390885
391040
391079
391138
391163
391201
391709
391814
392023
392349
392502
392557
392650
395416
396752
397956
397986
398261
398279
398689
398726
399002
399401
399481
399627
399677
399704
399790
400224
400258
400360
400586
400651
400801
400984
401207
401687
402172
402477
403049
403194
403328
403371
403660
403791
403937
404035
404300
404361
404641
404742
405130
405163
405204
405259
405280
405483
405790
405993
406015
406203
406296
406306
406336
406457
406678
406841
406895
406959
407274
407312
407367
407519
407797
407973
408154
408225
408337
408598
408668
408767
409120
409161
409258
409309
409389
409466
409675
409924
409940
410033
410119
410143
410191
410222
410242
410280
410570
410605
410791
410994
411038
411716
411813
412414
412477
412530
412580
412653
412823
412858
413091
413412
413536
413654
413691
413713
413740
413761
413880
414396
414541
415098
415238
415787
415879
416301
416447
416653
416773
417286
417469
417598
417664
417674
417726
418355
418389
418663
419115
419132
419153
419240
419302
419325
419380
419707
420166
420226
420554
420667
420691
420735
421216
421414
421441
421645
421971
422019
422250
422340
422773
423347
423395
423762
423918
424028
424050
424123
424142
424215
424339
424516
424687
425041
425088
425204
425282
425320
425434
425705
425771
425858
426133
426358
426386
426678
426947
427116
427146
427184
427247
427270
427287
427396
427557
427781
427811
427896
428088
428202
428276
428442
428456
428544
428627
428968
428986
429240
429712
429748
430158
430257
430438
430533
430865
430949
430976
431040
431285
431595
431625
431645
431727
432225
432262
432317
432459
432492
432629
432726
432799
432896
432912
433154
433216
433235
433737
433770
433866
433881
433943
434058
434229
434604
434704
434752
434778
434935
435024
435475
435614
435661
436046
436135
436179
436239
436334
436522
436556
437417
437548
437597
437679
437709
437849
437949
438130
438328
438880
438971
439060
439342
439357
439378
439631
439771
440147
440228
440506
440771
440865
441279
441298
441360
441396
441429
441684
441762
441875
441906
441933
441977
442017
442069
442105
442152
442767
442995
443042
443071
443319
443520
443539
443597
443693
443825
443880
443906
443973
444073
444115
444173
444271
444363
444407
444423
444474
444679
444753
444810
445011
445235
445380
445476
445585
445794
445839
445977
446008
446321
446384
446486
446540
446589
446867
446980
447777
447795
447843
447909
448157
448463
448471
448501
448560
449007
449047
449143
449177
449278
449444
449498
449574
449627
449652
449701
449787
450030
450100
450145
450243
450272
450719
450878
451107
451138
451486
451614
451665
451699
451743
451874
452085
452121
452144
452306
452482
452501
452634
452835
452902
453018
453453
453549
453603
453629
453774
454022
454062
454173
454202
454290
454466
454506
454692
454784
454991
455016
455144
455221
455257
455340
455446
455651
455682
456027
456223
456239
456400
456552
456630
456736
457086
457194
457272
457614
457793
457814
457844
457925
458030
458406
458559
458937
459388
459622
459664
460182
460355
460386
460413
460690
461034
461624
461811
462041
463024
463219
463632
463853
464064
464122
464152
464342
464420
464445
464563
464676
465164
466106
466128
466623
466843
466870
466945
467172
467462
467485
467691
467712
467804
467892
467950
468745
468822
469526
469668
469715
469873
469939
470003
470131
470312
470394
470571
470712
470761
470983
471364
471514
471555
472587
473049
474212
474550
475179
475200
475633
475801
476273
476355
476480
476497
476552
476620
476663
477050
477219
477366
477733
477753
477909
478069
478087
478374
478528
478552
478644
478698
479035
479090
479234
479502
479562
479770
480016
480131
480535
480933
480965
482050
482166
482187
482412
482637
482695
482755
482841
482889
482929
483214
483314
483797
483912
484255
484418
484522
484597
484712
485078
485097
485330
485414
485673
485981
486285
486364
486622
486761
487020
487164
487340
487493
487525
487676
487705
487737
487753
488061
488208
488264
488396
488514
488545
488805
488835
488941
489028
489510
489793
489946
490507
490770
490969
491776
491989
492464
492799
492831
492941
493016
493071
493115
493161
493309
493333
493533
493594
493793
493813
493868
493999
494333
494375
494390
494425
494529
494553
494761
495362
495389
495693
496005
496557
496667
496724
496873
496914
497310
497695
498246
498300
498328
498504
498553
498972
499225
499301
499447
499642
500012
500160
500432
500732
500942
500969
501148
501205
502031
502087
502475
502536
502608
502961
502983
503096
503149
503183
503540
503584
503788
504283
504696
504862
504917
505144
505478
505630
505770
505791
505804
506017
506047
506137
506198
506321
506421
506546
506870
507016
507533
507753
507879
508755
509147
509177
509385
509625
509712
509782
510025
510437
510618
510862
511066
511091
511115
511283
511365
511751
511769
511975
512141
512194
512208
512231
512386
512485
512624
512649
512795
512817
513556
513600
513649
513681
513720
513752
513847
514067
514133
514236
514327
514337
514655
514769
514883
514894
515017
515039
515061
515209
515229
515399
515453
515549
515569
515656
515722
515843
516038
516097
516183
516336
516361
516408
516475
516565
516678
516894
516957
517013
517133
517480
517527
517588
517869
517928
517979
518210
518408
518940
518995
519063
519144
519224
519259
519308
519392
519435
519601
519770
519863
519884
520044
520512
520573
520644
520777
520814
520862
520900
520941
521174
521421
521620
521638
521939
522080
522572
522912
523062
523265
523745
524133
524444
524603
524822
524867
525018
525032
525095
525222
525272
525496
525520
525591
525661
525913
526004
526129
526241
526359
526456
526609
526687
526818
526934
527073
527283
527305
527353
527570
527625
528223
528359
528436
528705
528745
528784
528948
529150
529196
529547
530060
530252
530390
530442
530909
531148
531267
531709
531809
532350
532554
532574
533132
533275
533441
533474
534035
534047
534341
534652
534696
535026
535143
535347
535383
535447
535938
536149
536185
537113
537558
537573
537642
537862
537971
538315
538438
538499
538714
539106
539189
539761
540294
540437
540774
540809
540978
541521
541543
541584
541678
541817
542269
542526
542685
542806
542874
542919
542942
542985
543309
543584
543604
543804
544128
544367
544526
544988
545632
545806
545905
546119
546399
546444
546566
546930
547000
547034
547245
547676
547811
548035
548087
548173
548468
548603
548686
549055
549393
549499
549533
549846
550158
550396
550433
550458
550986
551188
551299
551334
551576
551628
551693
551854
551996
552014
552098
552131
552717
552830
552869
552902
553018
553043
553149
553167
553194
553255
553952
554109
554235
554287
554323
554363
554451
554517
554551
554790
555294
555627
555661
555691
556335
556499
556624
556684
556845
557176
557304
557428
557846
558013
558094
558602
558810
559627
559914
560049
560416
560572
560668
560730
561059
561075
561348
561999
562162
562308
562547
562681
563019
563129
563210
563232
563291
563563
563739
563847
564001
564068
564259
564315
564457
565053
565189
565281
565388
565506
565579
565634
565730
566042
566532
566598
566695
566798
566814
567232
567417
567608
567637
567949
568004
568048
568268
568451
569104
569306
569414
569442
569600
569627
569832
570172
570241
570310
570486
570644
570685
570743
571045
571200
571282
571404
571428
571468
571520
571592
571723
571815
571860
572001
572084
572125
572276
572367
572768
572849
573015
573229
573725
574018
574204
574641
575443
575813
575864
575877
575913
576203
576555
576632
576746
577323
577428
577577
577735
577764
577868
578366
578432
578505
578682
578868
578916
579052
579077
579171
579286
579344
579434
579515
579606
579654
579914
580160
580414
580435
580480
580509
580667
580800
580815
580848
580885
581002
581075
581095
581273
581377
581420
581666
581797
581865
581888
581979
582202
582258
582367
582743
582850
583080
583193
583494
583667
583725
583755
583909
583933
583961
584035
584214
584560
585010
585109
585197
585241
585289
585626
585679
585766
585894
586135
586291
586731
586890
587355
588193
588239
588339
588709
588763
588899
589091
590228
590278
590500
590610
590635
590865
591017
591085
591415
591475
591509
591717
591755
591826
591897
592003
592018
592075
592279
592350
592527
592699
593158
593417
593451
593455
593471
593558
593920
594393
594470
594660
594704
594951
594984
595159
595249
595391
595523
595628
595684
596256
596479
596604
596725
596906
596950
597347
597730
597853
597914
598304
598485
598587
598649
598781
598972
599286
599383
599565
599931
599967
600063
600110
600335
600483
600583
600874
601273
601329
601456
601846
601875
601886
602014
602267
602334
603001
603230
603373
603608
603748
604477
604566
604755
605513
605957
606284
606354
606399
606570
606735
606762
606790
607174
607343
607610
607867
607901
607950
607991
608712
608767
608894
608927
609172
609384
609435
610519
611299
611444
611905
611994
612292
612712
612918
613004
613040
613273
613312
613372
613569
613827
613951
613982
614125
614173
614661
614673
615039
615152
615191
615223
615274
615338
615380
615973
616568
616597
616834
616856
617172
617227
617242
617266
617290
617452
617585
617612
617773
617940
617962
618290
618308
618334
618362
618433
618583
618675
619071
619104
619317
619691
620093
620220
620244
620805
620899
621311
621363
621377
621488
621679
621931
622020
622149
622199
622214
622704
622796
623062
623406
623449
623894
623924
623996
624387
624631
624838
624978
624997
625070
625165
625723
625868
626382
626407
626429
626459
626478
626870
626891
627034
627253
627306
627319
627408
627483
627567
627718
627817
627826
628232
628262
628346
628453
628481
628909
628986
629096
629201
629238
629266
629276
629373
629795
630510
630652
630870
630915
631154
631538
631905
632437
632639
632756
633037
633065
633311
633635
633852
633865
634165
634196
634211
634442
634713
634920
635221
635232
635409
635662
635706
636227
636491
636546
636729
636774
637368
637849
637857
637962
637991
638158
638311
638499
638617
638920
639203
639239
639519
639682
639929
640433
640469
640483
640640
640830
640897
641046
641322
641583
641646
641787
641940
641985
642002
642019
642055
642183
642229
642267
642332
642363
642407
643029
643168
643347
643418
643821
644199
644387
644678
644777
644803
644822
644930
645414
645635
645814
645903
645998
646124
646135
646143
646375
646502
646604
646696
646778
646950
647024
647683
647851
647897
648093
648181
648302
648504
648768
649301
649791
650132
650221
650531
650858
650989
651183
651205
651463
651933
652314
652575
652672
652841
652992
653353
653694
653793
653846
653945
654044
654086
654789
654906
655213
655226
655681
655851
655928
656211
656488
656836
656922
657445
657556
657622
658510
659044
659425
659566
660081
660242
660348
660649
660898
661068
661405
661533
661635
661663
661841
661855
661912
662021
662092
662113
662361
662448
662889
663205
663576
663925
664031
664087
664314
664567
664800
665344
665419
665466
665601
666040
666116
666479
666505
667080
667506
668043
668303
668383
669034
669219
669332
669869
669937
670305
670603
670670
670974
671173
672237
672263
672295
672359
672452
672609
672648
672681
672696
673264
673375
673857
674125
674675
674902
675055
675323
675632
675677
676140
676492
676512
676746
676861
676891
677068
677125
677154
677177
677322
677358
677421
677636
677800
677875
678048
678109
678673
678841
679626
680587
680800
680822
680840
681389
681483
681643
681700
681841
682095
682133
683276
683403
683935
684112
684331
684783
684962
685134
685345
685956
686249
686456
686752
686814
686850
686995
687102
687240
687328
687368
687442
687560
687868
688348
688494
689077
689301
689464
689925
689958
689983
690283
690467
690971
691064
691137
691226
691325
691389
691454
691504
691643
691672
691763
691879
692090
692329
692354
692486
692505
692615
692815
692960
693024
693202
693527
693583
693723
693816
693990
694009
694146
694207
694222
694383
694437
694482
694568
694813
694838
695015
695102
695141
695155
695174
695479
695616
695653
696219
696535
696577
696738
696789
696904
697007
697054
697134
697204
697267
697278
697359
697486
697553
698116
698127
698207
698259
698521
698656
698832
699028
699880
699965
700064
700124
700321
700474
700569
700783
700852
700965
701120
701141
701253
701635
701998
702060
702341
702531
702579
702619
702640
702692
703007
703652
704034
704185
704225
704669
704695
704903
704990
705034
705681
705775
706016
706149
706352
706959
708198
708370
708748
708845
708861
709063
709571
709703
710312
710499
710709
710886
710925
711185
711218
711244
711294
711325
711375
711642
711741
712089
712203
712284
712404
712528
712734
712776
713045
713058
713091
713162
713228
713280
713377
714466
714728
714778
715005
715337
715348
715396
715419
715437
715682
715927
715943
715985
716061
716408
716426
716575
716625
716673
716874
717024
717079
717350
717385
717472
717530
717756
718028
718176
718300
718438
718567
718595
719037
720246
720498
720554
720677
720878
721027
721083
721115
721261
721385
721397
721446
721555
721896
721971
722141
722212
722273
722402
722450
722531
722571
723101
723147
723174
723206
723462
723967
723993
724034
724547
724972
724992
725121
725344
725627
725777
726075
726088
726306
726685
726740
726805
726960
726983
727049
727058
727245
727286
727402
727443
727506
727739
728031
728131
728292
728308
728441
728470
728556
728606
728703
728818
728881
728938
729150
729305
729341
729502
729520
729718
730021
730109
730281
730493
731312
731378
731494
731909
732059
732127
732574
732779
732902
733040
733102
733222
733368
733414
733451
733481
733505
733532
733558
733633
733708
733818
733835
733878
734102
734154
734250
734408
734727
734787
734860
734895
734970
735020
735174
735484
735798
735985
736000
736087
736214
736239
736344
736634
736711
736739
736766
736812
736909
736988
737365
737857
738350
738460
738560
738673
738755
738908
739029
739044
739101
739122
739230
739245
739522
739575
739778
739807
739933
740151
740174
740227
740308
740559
740709
740862
741301
741318
741367
741843
741896
742013
742108
742577
742933
743068
743167
743302
743342
743492
743522
743609
743830
743939
744207
744413
744725
744890
745107
745130
745157
745168
745210
745271
745387
745459
745659
745679
745694
745776
745861
745872
745967
746160
746284
746311
746344
746410
746617
746812
746873
746897
747091
747217
747245
747330
747349
747604
747665
747688
747975
748043
748201
748228
748423
748484
748784
749117
749146
749206
749297
749406
749478
749520
749795
749833
749952
750202
750274
750369
750580
750622
750824
750954
751127
751277
751497
751612
751702
751827
752169
752438
752700
753005
753131
753339
753381
753474
753527
753767
754090
754193
754313
754644
754726
754895
754919
755215
755247
755264
755421
755507
755538
755638
755747
755760
755994
756048
756429
756655
757036
757228
757544
757573
757654
757928
757943
758113
758368
758434
758472
758487
758494
758785
758817
759020
759049
759062
759205
760166
760617
760706
760781
760818
761152
761179
761342
761496
761625
761759
761789
761861
761964
762319
762959
763161
763574
763915
764174
764237
764272
764472
764518
764630
764659
764685
764745
764783
764910
765454
766537
766624
766695
766849
767088
767145
767373
767517
767713
767990
768097
768143
768236
768274
768355
768715
769097
769196
769488
769582
769727
769794
769899
770003
770403
770745
770930
770945
771038
771049
771096
771162
771201
771277
772258
772272
772554
772676
772981
773377
773509
773587
773635
773686
773742
774105
774174
774235
774341
774528
775152
775643
775924
775967
776181
776231
776283
776474
776841
777368
777408
777456
777542
777626
778083
778126
778232
778337
778484
778870
778891
779519
779786
779820
780143
780200
780334
780451
780625
780637
780704
780897
781107
781372
781425
781819
781924
782632
782944
783074
783150
783281
783480
784092
784143
784319
784648
784977
785021
785043
785203
785588
786004
786470
786604
786619
787018
787172
787279
787452
787478
787656
787691
787853
787939
788229
788322
788372
788462
788481
788682
788703
788854
788971
789088
789432
789682
789829
789991
790071
790214
790313
790395
790680
790784
791354
791384
791749
792127
792459
792739
792891
792972
793243
793268
793289
793512
794054
794071
794099
794157
794393
794522
794878
794983
795004
795054
795679
795763
795795
796246
796554
796968
797100
797127
797171
797220
797295
797392
797525
797578
797604
797687
797795
797862
797993
798033
798127
798791
798857
799026
799242
799276
799389
799523
799579
799611
799678
799735
799873
800268
800349
800393
800618
800652
801020
801039
801110
801381
802021
802143
802287
802495
802570
802625
802649
802670
802688
802791
803007
803109
803136
803839
804063
804084
804334
804561
804768
804832
804981
805145
805185
805572
805635
805778
805828
805846
806000
806074
806161
806396
806415
806641
806879
806986
807201
807494
807553
807619
807891
808009
808255
808439
808770
808788
808925
808943
809075
809400
809421
809613
809913
810474
810538
810578
810735
810998
811065
811076
811447
811466
811721
811831
811895
811979
812041
812135
812490
812637
812846
813457
814081
814139
814298
814425
815137
815156
815812
815963
816033
816081
816459
816520
816737
816773
816849
816872
817022
817047
817393
817467
817508
818334
818518
818592
818752
818768
819267
819369
819466
819570
819763
819923
819959
820079
820520
820566
820755
821097
821182
821238
821676
821946
822167
822434
822698
822985
823245
823808
824603
824668
824677
824711
824727
824950
825088
825192
825234
825280
825586
825739
825974
826049
826161
826787
826937
827087
827309
827767
827893
827919
827972
828519
828543
829210
830271
830660
830823
830929
831027
831154
831320
831651
831991
832189
832284
832744
832768
833098
833201
833371
833582
833747
833965
834000
834268
834468
834777
835042
835148
835162
835284
835518
835596
835752
835961
835990
836284
836307
836441
836458
836468
836525
836576
836605
836639
836831
836924
837126
837326
837387
837495
837597
837696
837771
837912
838163
838380
838669
838917
839390
839485
839557
839584
839603
839789
840049
840220
840626
840827
841012
841307
841339
841363
841422
842133
842161
842485
842747
843067
843088
843308
843430
843505
843890
844103
844372
844584
844662
844689
844844
845418
845534
845750
845774
845903
846063
846158
846549
846587
846663
846741
846791
846820
846877
847044
847326
847374
847838
848187
848743
848762
848868
849025
849042
849260
849682
849862
849876
849963
850390
850516
850535
850764
850910
851088
851446
851480
851660
851767
851820
851835
851890
852812
852886
853082
853108
853438
853766
854071
854318
854399
854665
855345
855401
855562
855688
855713
856039
856060
856083
856117
856337
856445
857336
857396
857411
857598
857626
858435
858967
859074
859366
859396
859541
859596
859958
859979
860076
860164
860231
860790
860902
861171
861801
861961
862322
863094
863293
863759
863866
864634
864762
864936
864987
865053
865141
865235
865387
865484
865572
865707
865805
865868
865891
866029
866954
867134
867168
867405
868117
868382
868606
868820
868911
868926
869205
869274
869296
869315
869344
869438
869555
869604
869778
869991
870115
870653
870931
871197
871295
871655
871775
871823
871997
872416
872587
872635
872872
872975
873017
873386
873650
874805
875601
875649
875829
875923
876116
876178
876244
876476
876605
876752
877107
877293
877572
877913
878007
878433
878785
878800
878864
879215
879722
879991
880198
880371
880594
880663
880804
881037
881145
881215
881467
881815
881944
882179
882314
882663
882931
883071
883095
884003
884420
884466
884533
884545
884864
885534
885569
885594
885614
885656
885689
885956
886202
886386
886486
886573
886814
886935
887096
887132
887305
887340
887370
887482
887633
887905
888007
888170
888293
888351
888393
888545
888611
888761
888799
888834
889070
889182
889348
889425
889494
889608
889629
889657
889690
889737
890272
890323
890489
890552
890835
890990
891073
891275
891309
891317
891391
891407
891453
891568
891618
891785
891932
892046
892070
892083
892174
892292
892475
892733
892827
893025
893059
893088
893217
893364
893520
893552
893601
893614
893719
893878
894059
894279
894292
894344
894369
894392
894977
895075
895344
895559
895660
895778
895925
895947
896073
896109
896270
896286
896336
896569
897026
897657
897727
897803
897941
898102
898148
898195
898381
898562
898827
898879
898998
899148
899164
899243
899283
899304
899347
899750
899842
900073
900247
900378
900399
900697
900909
901087
901908
901972
902124
902242
902331
902511
902737
902810
902893
902968
903056
903066
903265
903757
903960
903996
904041
904265
904387
904640
904985
905034
905071
905196
905410
905466
905831
906184
906694
906952
907019
907132
907567
907797
907856
907906
908086
908109
908382
908513
908559
908654
908672
908803
908866
908995
909072
909449
909805
909853
909889
909932
910136
910160
910503
910842
910900
910997
911361
911536
911612
911828
912284
912465
912489
913127
913283
913359
913474
913672
914314
914507
914544
914570